$ 1 0.000005 10.20027730826997 50 5 43
R 352 512 240 512 1 2 100 2.5 2.5 0 0.5
w 352 432 352 512 0
w 544 432 544 512 0
w 736 432 736 512 0
w 928 432 928 512 0
w 1120 432 1120 512 0
w 1120 512 928 512 0
w 928 512 736 512 0
w 736 512 544 512 0
w 544 512 352 512 0
w 352 432 384 432 0
w 544 432 576 432 0
w 736 432 768 432 0
w 928 432 960 432 0
w 1120 432 1152 432 0
x 414 55 444 58 4 24 D4
x 608 54 638 57 4 24 D3
x 800 53 830 56 4 24 D2
x 995 55 1025 58 4 24 D1
x 1181 55 1211 58 4 24 D0
155 384 400 400 400 0 0
155 576 400 624 400 0 0
155 768 400 784 400 0 4.999999999999999
155 960 400 976 400 0 4.999999999999999
155 1152 400 1184 400 0 0
w 480 400 512 400 0
w 512 400 512 624 0
w 672 400 704 400 0
w 704 400 704 624 0
w 672 464 688 464 0
w 864 400 896 400 0
w 896 400 896 624 0
w 864 464 880 464 0
w 1056 400 1088 400 0
w 1088 400 1088 624 0
w 1056 464 1072 464 0
w 1248 464 1264 464 0
w 1296 400 1296 624 0
150 192 -48 0 -48 0 3 0 5
152 -144 -224 -272 -224 0 4 0 5
w 480 464 496 464 0
w 512 400 512 -32 0
w 880 464 880 -48 0
w 512 -32 192 -32 0
w 1264 -64 192 -64 0
w 512 -32 512 -144 0
w 688 464 688 -160 0
150 192 -160 0 -160 0 3 0 5
w 512 -144 192 -144 0
w 192 -176 1264 -176 0
w 512 -144 512 -256 0
150 192 -272 0 -272 0 3 0 5
w 512 -256 192 -256 0
w 1264 -288 192 -288 0
w 496 464 496 -352 0
150 192 -384 0 -384 0 5 0 5
w 192 -352 496 -352 0
w 192 -368 704 -368 0
w 704 -368 704 400 0
w 896 400 896 -384 0
w 192 -400 1088 -400 0
w 192 -416 1264 -416 0
w 1088 400 1088 -400 0
w 0 -272 -144 -240 0
w 0 -384 -144 -256 0
w 0 -160 -144 -208 0
w 0 -48 -144 -192 0
w -272 -224 -272 80 0
w -272 80 384 80 0
w 384 80 384 400 0
w 192 -48 880 -48 0
w 192 -160 688 -160 0
w 192 -272 1072 -272 0
w 192 -384 896 -384 0
w 1264 -64 1264 -176 0
w 1264 -176 1264 -288 0
w 1264 -288 1264 -416 0
w -720 -480 1696 -480 0
x -344 -209 -293 -206 4 40 D4
w 704 -368 704 -608 0
w 880 -48 880 -624 0
w 1264 -416 1264 -768 0
w 704 -848 704 -608 0
w 1088 -400 1088 -752 0
w 688 -160 688 -704 0
w 896 -384 896 -720 0
x 1165 -521 1195 -518 4 24 D0
x 979 -537 1009 -534 4 24 D1
x 777 -522 807 -519 4 24 D2
x 624 -522 654 -519 4 24 D3
x 414 -521 444 -518 4 24 D4
w -368 -736 -368 128 0
w -368 128 576 128 0
w 576 128 576 400 0
x -288 -766 -237 -763 4 40 D3
w -800 -1008 1808 -1024 0
w 1264 320 1264 464 0
w 1264 256 1264 -64 0
154 208 -1216 -32 -1216 0 2 0 5
w 208 -1200 896 -1200 0
w 208 -1232 1088 -1232 0
x -171 -1154 -120 -1151 4 40 D2
w -160 -1232 -416 -1232 0
w -416 -1232 -416 176 0
w -416 176 768 176 0
w 768 400 768 176 0
162 512 624 512 704 2 default-led 1 0 0 0.01
162 704 624 704 704 2 default-led 1 0 0 0.01
162 896 624 896 704 2 default-led 1 0 0 0.01
162 1088 624 1088 704 2 default-led 1 0 0 0.01
162 1296 624 1296 704 2 default-led 1 0 0 0.01
g 512 704 512 752 0
g 704 704 704 752 0
g 896 704 896 752 0
g 1088 704 1088 752 0
g 1296 704 1296 752 0
w 1072 -272 1072 288 0
w 1072 464 1072 288 0
w 960 400 960 272 0
w 1040 288 1072 288 0
w 1248 400 1296 400 0
w -32 -1248 1264 -1248 0
w 1040 256 1264 256 0
w 1264 256 1264 320 0
150 1040 272 960 272 0 2 0 5
150 192 -624 0 -624 0 3 0 5
150 192 -736 0 -736 0 4 5 5
150 192 -864 0 -864 0 3 0 5
152 -96 -736 -224 -736 0 3 5 5
w 1072 -272 1072 -640 0
w 192 -608 704 -608 0
w 192 -624 880 -624 0
w 192 -640 1072 -640 0
w 192 -704 688 -704 0
w 192 -720 896 -720 0
w 192 -752 1088 -752 0
w 192 -768 1264 -768 0
w 192 -848 704 -848 0
w 192 -864 1072 -864 0
w 192 -880 1264 -880 0
w 896 -720 896 -864 0
w 1072 -640 1072 -864 0
w 1264 -768 1264 -880 0
w 0 -624 -96 -720 0
w -96 -736 0 -736 0
w -96 -752 0 -864 0
w -224 -736 -368 -736 0
w 896 -864 896 -1200 0
w 1088 -752 1088 -1232 0
w 1264 -880 1264 -1248 0
150 -32 -1232 -160 -1232 0 2 0 5
L 1152 400 1152 336 0 0 false 5 0
