$ 1 0.000005 10.20027730826997 50 5 43
L 1152 400 1152 336 0 0 false 5 0
150 1040 272 960 272 0 2 0 5
w 1264 256 1264 320 0
w 1040 256 1264 256 0
w 1248 400 1296 400 0
w 1040 288 1072 288 0
w 960 400 960 272 0
w 1072 464 1072 288 0
g 1296 704 1296 752 0
g 1088 704 1088 752 0
g 896 704 896 752 0
g 704 704 704 752 0
g 512 704 512 752 0
162 1296 624 1296 704 2 default-led 1 0 0 0.01
162 1088 624 1088 704 2 default-led 1 0 0 0.01
162 896 624 896 704 2 default-led 1 0 0 0.01
162 704 624 704 704 2 default-led 1 0 0 0.01
162 512 624 512 704 2 default-led 1 0 0 0.01
w 1264 320 1264 464 0
w 480 464 496 464 0
w 1296 400 1296 624 0
w 1248 464 1264 464 0
w 1056 464 1072 464 0
w 1088 400 1088 624 0
w 1056 400 1088 400 0
w 864 464 880 464 0
w 896 400 896 624 0
w 864 400 896 400 0
w 672 464 688 464 0
w 704 400 704 624 0
w 672 400 704 400 0
w 512 400 512 624 0
w 480 400 512 400 0
155 1152 400 1184 400 0 0
155 960 400 976 400 0 4.999999999999999
155 768 400 784 400 0 4.999999999999999
155 576 400 624 400 0 4.999999999999999
155 384 400 400 400 0 0
w 1120 432 1152 432 0
w 928 432 960 432 0
w 736 432 768 432 0
w 544 432 576 432 0
w 352 432 384 432 0
w 544 512 352 512 0
w 736 512 544 512 0
w 928 512 736 512 0
w 1120 512 928 512 0
w 1120 432 1120 512 0
w 928 432 928 512 0
w 736 432 736 512 0
w 544 432 544 512 0
w 352 432 352 512 0
R 352 512 240 512 1 2 100 2.5 2.5 0 0.5
184 96 -960 320 -960 1024 5
184 432 -960 480 -960 1024 5
184 768 -960 848 -960 1024 5
w 128 96 128 320 0
w 480 400 480 320 0
w 464 320 480 320 0
w 672 400 672 288 0
w 160 96 160 288 0
w 192 96 192 256 0
w 224 96 224 224 0
w 256 96 256 192 0
w 496 288 672 288 0
w 528 256 864 256 0
w 560 224 896 224 0
w 592 192 928 192 0
w 864 400 864 256 0
w 1056 400 1056 224 0
w 1248 400 1248 192 0
w 464 96 464 320 0
w 496 96 496 288 0
w 528 96 528 256 0
w 560 96 560 224 0
w 592 96 592 192 0
w 800 96 800 320 0
w 832 96 832 288 0
w 864 96 864 256 0
w 896 96 896 224 0
w 928 96 928 192 0
w 672 288 832 288 0
w 480 320 800 320 0
w 928 192 1248 192 0
w 464 320 128 320 0
w 160 288 496 288 0
w 528 256 192 256 0
w 224 224 560 224 0
w 592 192 256 192 0
w 896 224 1056 224 0
w 768 -960 768 -1072 0
w 432 -960 432 -1024 0
w 96 -960 48 -960 0
w 48 -960 48 400 0
w 432 -1024 0 -1024 0
w 768 -1072 -64 -1072 0
w 0 -1024 0 368 0
w -64 -1072 -64 336 0
w 384 400 48 400 0
w 576 400 576 368 0
w 768 400 768 336 0
w 576 368 0 368 0
w -64 336 768 336 0
w 320 -512 352 -512 0
w 320 -64 352 -64 0
w 320 -128 352 -128 0
w 320 -192 352 -192 0
w 320 -256 352 -256 0
w 320 -320 352 -320 0
w 320 -384 352 -384 0
w 320 -448 352 -448 0
w 352 -64 352 -128 0
w 352 -128 352 -192 0
w 352 -192 352 -256 0
w 352 -256 352 -320 0
w 352 -320 352 -384 0
w 352 -384 352 -448 0
w 352 -448 352 -512 0
L 352 -512 352 -576 0 1 false 5 0
w 656 -768 688 -768 0
w 656 -704 688 -704 0
w 656 -640 688 -640 0
w 656 -576 688 -576 0
w 688 -576 688 -640 0
w 688 -640 688 -704 0
w 688 -704 688 -768 0
w 656 -256 688 -256 0
w 656 -192 688 -192 0
w 656 -128 688 -128 0
w 656 -64 688 -64 0
w 688 -64 688 -128 0
w 688 -128 688 -192 0
w 688 -192 688 -256 0
w 688 -256 688 -576 0
L 688 -768 688 -816 0 1 false 5 0
w 992 -896 1024 -896 0
w 992 -832 1024 -832 0
w 992 -640 1024 -640 0
w 992 -576 1024 -576 0
w 992 -384 1024 -384 0
w 992 -320 1024 -320 0
w 992 -128 1024 -128 0
w 992 -64 1024 -64 0
w 1024 -64 1024 -128 0
w 1024 -128 1024 -320 0
w 1024 -320 1024 -384 0
w 1024 -384 1024 -576 0
w 1024 -576 1024 -640 0
w 1024 -640 1024 -832 0
w 1024 -832 1024 -896 0
L 1024 -896 1024 -928 0 1 false 5 0
