$ 1 0.000005 10.20027730826997 50 5 43
R -1376 3120 -1472 3120 1 2 100 2.5 2.5 0 0.5
w -1312 3008 -1312 3120 0
w -1056 3008 -1056 3120 0
w -1056 3120 -1312 3120 0
w -1312 3120 -1376 3120 0
150 -1216 2752 -1312 2752 0 2 0 5
152 -1344 2800 -1456 2800 0 2 0 5
150 -1216 2848 -1312 2848 0 2 0 5
w -1312 2752 -1312 2784 0
w -1312 2784 -1344 2784 0
w -1312 2848 -1312 2816 0
w -1312 2816 -1344 2816 0
w -1456 2800 -1456 2976 0
w -1456 2976 -1312 2976 0
w -1216 3040 -1168 3040 0
w -1168 3040 -1168 2768 0
w -1168 2768 -1216 2768 0
w -960 2976 -928 2976 0
w -928 2736 -1216 2736 0
w -1216 2976 -1216 2864 0
w -928 2832 -928 2976 0
w -928 2736 -928 2832 0
w -1216 2976 -1216 3168 0
w -928 2976 -928 3168 0
w -1056 2976 -1104 2976 0
w -1104 2976 -1104 3088 0
w -1104 3088 -960 3088 0
w -960 3040 -960 3088 0
162 -1216 3168 -1216 3248 2 default-led 1 0 0 0.01
162 -928 3168 -928 3248 2 default-led 1 0 0 0.01
155 -1056 2976 -1040 2976 0 4.999999999999999
155 -1312 2976 -1248 2976 0 4.999999999999999
w -960 3040 -896 3040 0
w -896 3040 -896 2832 0
w -896 2832 -1216 2832 0
g -1216 3248 -1216 3312 0
g -928 3248 -928 3312 0
