$ 1 0.000005 10.20027730826997 50 5 43
R -96 576 -208 576 1 2 100 2.5 2.5 0 0.5
w 352 432 352 512 0
w 544 432 544 512 0
w 736 432 736 512 0
w 928 432 928 512 0
w 1120 432 1120 512 0
w 1120 512 928 512 0
w 928 512 736 512 0
w 736 512 544 512 0
w 544 512 352 512 0
w 160 512 352 512 0
L -128 544 -128 432 0 1 false 5 0
156 -96 544 16 544 0 0
w -96 544 -128 544 0
w -128 544 -128 608 0
w -128 608 -96 608 0
w 352 432 384 432 0
w 544 432 576 432 0
w 736 432 768 432 0
w 928 432 960 432 0
w 1120 432 1152 432 0
x 414 55 444 58 4 24 D4
x 608 54 638 57 4 24 D3
x 800 53 830 56 4 24 D2
x 995 55 1025 58 4 24 D1
x 1183 54 1213 57 4 24 D0
w 32 576 64 576 0
w 32 512 32 576 0
w 64 512 32 512 0
156 64 512 176 512 0 5
L 32 512 32 400 0 1 false 5 0
w 0 544 64 544 0
155 384 400 400 400 0 0
155 576 400 624 400 0 0
155 768 400 784 400 0 0
155 960 400 976 400 0 0
155 1152 400 1184 400 0 0
w 480 400 512 400 0
w 512 400 512 624 0
w 672 400 704 400 0
w 704 400 704 624 0
w 672 464 688 464 0
w 864 400 896 400 0
w 896 400 896 624 0
w 864 464 880 464 0
w 1056 400 1088 400 0
w 1088 400 1088 624 0
w 1056 464 1072 464 0
w 1248 400 1296 400 0
w 1248 464 1264 464 0
w 1296 400 1296 624 0
150 192 -48 0 -48 0 3 0 5
152 -144 -224 -272 -224 0 4 0 5
w 480 464 496 464 0
w 512 400 512 -32 0
w 880 464 880 -48 0
w 512 -32 192 -32 0
w 1264 -64 192 -64 0
w 512 -32 512 -144 0
w 688 464 688 -160 0
150 192 -160 0 -160 0 3 0 5
w 512 -144 192 -144 0
w 192 -176 1264 -176 0
w 512 -144 512 -256 0
150 192 -272 0 -272 0 3 0 5
w 512 -256 192 -256 0
w 1072 464 1072 -272 0
w 1264 -288 192 -288 0
w 496 464 496 -352 0
150 192 -384 0 -384 0 5 0 5
w 192 -352 496 -352 0
w 192 -368 704 -368 0
w 704 -368 704 400 0
w 896 400 896 -384 0
w 192 -400 1088 -400 0
w 192 -416 1264 -416 0
w 1088 400 1088 -400 0
w 0 -272 -144 -240 0
w 0 -384 -144 -256 0
w 0 -160 -144 -208 0
w 0 -48 -144 -192 0
w -272 -224 -272 80 0
w -272 80 384 80 0
w 384 80 384 400 0
w 192 -48 880 -48 0
w 192 -160 688 -160 0
w 192 -272 1072 -272 0
w 192 -384 896 -384 0
w 1264 464 1264 -64 0
w 1264 -64 1264 -176 0
w 1264 -176 1264 -288 0
w 1264 -288 1264 -416 0
w -368 -480 1696 -480 0
x -366 -211 -315 -208 4 40 D4
150 192 -608 0 -608 0 4 0 5
150 192 -1248 0 -1248 0 5 0 5
403 208 560 336 624 0 10_64_0_4099_5_0.00009765625_0_2_10_3
150 192 -768 0 -768 0 4 0 5
150 192 -928 0 -928 0 4 0 5
150 192 -1088 0 -1088 0 4 0 5
w 496 -352 496 -576 0
w 192 -576 496 -576 0
w 704 -368 704 -592 0
w 192 -592 704 -592 0
w 880 -48 880 -624 0
w 192 -624 880 -624 0
w 1264 -416 1264 -640 0
w 192 -640 1264 -640 0
