$ 1 0.000005 10.20027730826997 50 5 43
156 240 128 272 128 2 0
156 416 128 448 128 2 0
156 592 128 608 128 2 5
w 240 128 208 128 0
w 240 192 208 192 0
w 208 192 208 128 0
w 416 128 384 128 0
w 416 192 384 192 0
w 384 192 384 128 0
w 592 192 560 192 0
w 592 128 560 128 0
w 560 192 560 128 0
w 560 128 560 80 0
w 384 128 384 80 0
w 208 128 208 80 0
w 560 80 384 80 0
w 384 80 208 80 0
L 208 80 208 16 0 1 false 5 0
R 240 160 160 160 1 2 100 2.5 2.5 0 0.5
w 336 128 368 128 0
w 368 128 368 160 0
w 368 160 416 160 0
w 512 128 544 128 0
w 544 128 544 160 0
w 544 160 592 160 0
w 368 160 368 288 0
w 544 160 544 304 0
w 688 128 720 128 0
d -304 -96 -304 0 2 default
d -480 -96 -480 0 2 default
d -656 -96 -656 0 2 default
w -304 -160 -304 -96 0
w -336 -160 -304 -160 0
w -480 -192 -432 -192 0
R -784 -192 -864 -192 1 2 100 2.5 2.5 0 0.5
L -816 -272 -816 -336 0 1 false 5 0
w -640 -272 -816 -272 0
w -464 -272 -640 -272 0
w -816 -224 -816 -272 0
w -640 -224 -640 -272 0
w -464 -224 -464 -272 0
w -464 -160 -464 -224 0
w -432 -224 -464 -224 0
w -432 -160 -464 -160 0
w -640 -160 -640 -224 0
w -608 -160 -640 -160 0
w -608 -224 -640 -224 0
w -816 -160 -816 -224 0
w -784 -160 -816 -160 0
w -784 -224 -816 -224 0
156 -432 -224 -416 -224 0 0
156 -608 -224 -576 -224 0 0
156 -784 -224 -752 -224 0 0
w -688 -160 -656 -160 0
w -656 -160 -656 -96 0
w -656 -160 -656 -192 0
w -656 -192 -608 -192 0
w -512 -160 -480 -160 0
w -480 -160 -480 -192 0
w -480 -160 -480 -96 0
x 414 37 534 40 4 24 UP\scounter
x -255 -196 -93 -193 4 24 DOWN\scounter
156 768 128 800 128 2 0
w 768 128 736 128 0
w 768 192 736 192 0
w 736 192 736 128 0
w 736 128 736 80 0
w 736 80 560 80 0
w 720 128 720 160 0
w 720 160 768 160 0
w 720 160 720 464 0
w 864 128 912 128 0
w 912 128 912 432 0
w 336 160 352 160 0
w 352 160 352 240 0
w 512 160 528 160 0
w 528 160 528 240 0
w 688 160 704 160 0
w 704 160 704 240 0
w 864 160 880 160 0
w 880 160 880 240 0
x 261 101 293 104 4 24 Q0
x 441 102 473 105 4 24 Q1
x 615 101 647 104 4 24 Q2
x 792 101 824 104 4 24 Q3
150 192 448 48 448 0 2 0 5
150 192 544 48 544 0 2 0 5
152 0 496 -112 496 0 2 0 5
w 352 240 528 240 0
w 528 240 704 240 0
w 704 240 880 240 0
w 48 544 48 512 0
w 48 512 0 512 0
w 48 448 48 480 0
w 48 480 0 480 0
w -112 496 -112 240 0
w -112 240 352 240 0
x -8 217 54 220 4 24 Reset
w 192 432 912 432 0
w 192 464 720 464 0
w 192 528 912 528 0
w 192 560 544 560 0
w 544 560 544 304 0
w 912 432 912 528 0
w 368 288 368 608 0
w 544 560 544 720 0
w 720 464 720 720 0
w 912 528 912 784 0
w -448 1344 -448 1312 0
w -416 1344 -448 1344 0
w -1648 1344 -1648 1376 0
w -1424 1152 -1424 928 0
w 288 896 -1728 896 0
w 288 928 -1424 928 0
w -1136 1152 -1136 960 0
w 288 960 -1136 960 0
w -848 992 288 992 0
w -848 1152 -848 992 0
w 384 1088 384 1024 0
w 352 1056 352 1024 0
w -544 1056 352 1056 0
w -544 1152 -544 1056 0
w -224 1088 384 1088 0
w -224 1152 -224 1088 0
w 416 1024 416 1152 0
w 80 1152 416 1152 0
w -1728 1152 -1728 896 0
w -448 944 -144 944 0
w -144 1216 -144 944 0
w -768 944 -448 944 0
w -1072 944 -768 944 0
w -1360 944 -1072 944 0
w -448 1152 -448 944 0
w -768 1152 -768 944 0
w -1072 1152 -1072 944 0
w -1360 944 -1360 1152 0
w -1648 944 -1360 944 0
w -2000 944 -1648 944 0
w -144 1248 -144 1216 0
w -144 1280 -144 1248 0
w -144 1312 -144 1280 0
w -144 1344 -144 1312 0
w -144 1408 -144 1344 0
w -144 1440 -144 1408 0
w -448 1280 -448 1152 0
w -448 1312 -448 1280 0
w -448 1408 -448 1344 0
w -448 1440 -448 1408 0
w -768 1216 -768 1152 0
w -768 1344 -768 1216 0
w -768 1408 -768 1344 0
w -1072 1216 -1072 1152 0
w -1072 1248 -1072 1216 0
w -1072 1312 -1072 1248 0
w -1072 1344 -1072 1312 0
w -1072 1408 -1072 1344 0
w -1072 1440 -1072 1408 0
w -1360 1184 -1360 1152 0
w -1360 1248 -1360 1184 0
w -1360 1280 -1360 1248 0
w -1360 1312 -1360 1280 0
w -1360 1344 -1360 1312 0
w -1360 1376 -1360 1344 0
w -1360 1408 -1360 1376 0
w -1360 1440 -1360 1408 0
w 48 1872 736 1872 0
w 16 1840 688 1840 0
w -16 1808 640 1808 0
w -48 1776 592 1776 0
w -288 1840 16 1840 0
w -608 1840 -288 1840 0
w -912 1840 -608 1840 0
w -256 1872 48 1872 0
w -576 1872 -256 1872 0
w -880 1872 -576 1872 0
w -1168 1872 -880 1872 0
w -1456 1872 -1168 1872 0
w -1200 1840 -912 1840 0
w -1488 1840 -1200 1840 0
w -320 1808 -16 1808 0
w -640 1808 -320 1808 0
w -944 1808 -640 1808 0
w -1232 1808 -944 1808 0
w -1520 1808 -1232 1808 0
w -1824 1808 -1520 1808 0
w -352 1776 -48 1776 0
w -672 1776 -352 1776 0
w -976 1776 -672 1776 0
w -1264 1776 -976 1776 0
w -1552 1776 -1264 1776 0
w -1856 1776 -1552 1776 0
w -48 1696 -48 1776 0
w -16 1696 -16 1808 0
w 16 1696 16 1840 0
w 48 1696 48 1872 0
w -352 1696 -352 1776 0
w -320 1696 -320 1808 0
w -288 1696 -288 1840 0
w -256 1696 -256 1872 0
w -672 1696 -672 1776 0
w -640 1696 -640 1808 0
w -608 1696 -608 1840 0
w -576 1696 -576 1872 0
w -976 1696 -976 1776 0
w -944 1696 -944 1808 0
w -912 1696 -912 1840 0
w -880 1696 -880 1872 0
w -1264 1696 -1264 1776 0
w -1232 1696 -1232 1808 0
w -1200 1696 -1200 1840 0
w -1168 1696 -1168 1872 0
w -1552 1696 -1552 1776 0
w -1520 1696 -1520 1808 0
w -1488 1696 -1488 1840 0
w -1456 1696 -1456 1872 0
w -1792 1840 -1488 1840 0
w -1760 1872 -1456 1872 0
w -1760 1696 -1760 1872 0
w -1792 1696 -1792 1840 0
w -1824 1696 -1824 1808 0
w -1856 1696 -1856 1776 0
w -112 1440 -144 1440 0
w -112 1408 -144 1408 0
w -112 1344 -144 1344 0
w -112 1312 -144 1312 0
w -112 1280 -144 1280 0
w -112 1248 -144 1248 0
w -112 1216 -144 1216 0
w -416 1440 -448 1440 0
w -416 1408 -448 1408 0
w -416 1312 -448 1312 0
w -416 1280 -448 1280 0
w -416 1152 -448 1152 0
w -736 1408 -768 1408 0
w -736 1344 -768 1344 0
w -736 1216 -768 1216 0
w -736 1152 -768 1152 0
w -1040 1440 -1072 1440 0
w -1040 1408 -1072 1408 0
w -1040 1344 -1072 1344 0
w -1040 1312 -1072 1312 0
w -1040 1248 -1072 1248 0
w -1040 1216 -1072 1216 0
w -1040 1152 -1072 1152 0
w -1328 1344 -1360 1344 0
w -1328 1376 -1360 1376 0
w -1328 1408 -1360 1408 0
w -1328 1440 -1360 1440 0
w -1328 1312 -1360 1312 0
w -1328 1280 -1360 1280 0
w -1328 1248 -1360 1248 0
w -1328 1184 -1360 1184 0
w -1328 1152 -1360 1152 0
x -36 1108 -23 1111 4 24 g
x -323 1111 -317 1114 4 24 f
x -654 1114 -641 1117 4 24 e
x -961 1114 -948 1117 4 24 d
x -1249 1115 -1237 1118 4 24 c
x -1525 1118 -1512 1121 4 24 b
x -1831 1116 -1818 1119 4 24 a
w -1648 1152 -1648 944 0
w -1648 1184 -1648 1152 0
w -1648 1216 -1648 1184 0
w -1648 1248 -1648 1216 0
w -1648 1280 -1648 1248 0
w -1648 1344 -1648 1280 0
w -1648 1408 -1648 1376 0
w -1648 1440 -1648 1408 0
w -1616 1440 -1648 1440 0
w -2000 1440 -2000 1408 0
w -1616 1408 -1648 1408 0
w -1616 1376 -1648 1376 0
w -1616 1280 -1648 1280 0
w -1616 1248 -1648 1248 0
w -1616 1216 -1648 1216 0
w -1616 1184 -1648 1184 0
w -1616 1152 -1648 1152 0
w -2000 1152 -2000 944 0
184 -112 1152 16 1152 0 4
184 -416 1152 -288 1152 0 4
184 -736 1152 -608 1152 0 4
184 -1040 1152 -912 1152 0 4
184 -1328 1152 -1200 1152 0 4
184 -1616 1152 -1488 1152 0 4
157 288 896 464 896 0 7 0 0
w -1968 1280 -1968 1184 0
w -1968 1440 -1968 1280 0
w -1968 1472 -1968 1440 0
w -1968 1504 -1968 1472 0
w -1968 1536 -1968 1504 0
w -1968 1568 -1968 1536 0
w -1968 1600 -1968 1568 0
w -1968 1632 -1968 1600 0
w -1920 1632 -1968 1632 0
w -1920 1600 -1968 1600 0
w -1920 1568 -1968 1568 0
w -1920 1536 -1968 1536 0
w -1920 1504 -1968 1504 0
w -1920 1472 -1968 1472 0
w -1920 1440 -2000 1440 0
w -1920 1280 -1968 1280 0
w -1920 1184 -1968 1184 0
L -1968 1632 -2064 1632 0 0 false 5 0
w -2000 1216 -2000 1152 0
w -2000 1248 -2000 1216 0
w -2000 1312 -2000 1248 0
w -2000 1344 -2000 1312 0
w -2000 1376 -2000 1344 0
w -2000 1408 -2000 1376 0
w -1920 1408 -2000 1408 0
w -1920 1376 -2000 1376 0
w -1920 1344 -2000 1344 0
w -1920 1312 -2000 1312 0
w -1920 1248 -2000 1248 0
w -1920 1216 -2000 1216 0
w -1920 1152 -2000 1152 0
L -2000 944 -2080 944 0 1 false 5 0
184 -1920 1152 -1792 1152 0 4
w 368 608 368 784 0
w 736 1872 736 784 0
w 688 1840 688 720 0
w 640 1808 640 720 0
w 592 1776 592 784 0
w 544 720 640 720 0
w 720 720 688 720 0
w 736 784 912 784 0
w 592 784 368 784 0
