$ 1 0.000005 10.20027730826997 50 5 43
184 80 416 208 416 0 4
L 0 208 -80 208 0 1 false 5 0
w 80 416 0 416 0
w 80 480 0 480 0
w 80 512 0 512 0
w 80 576 0 576 0
w 80 608 0 608 0
w 80 640 0 640 0
w 80 672 0 672 0
w 0 672 0 640 0
w 0 640 0 608 0
w 0 608 0 576 0
w 0 576 0 512 0
w 0 512 0 480 0
w 0 480 0 416 0
L 32 896 -64 896 0 0 false 5 0
w 80 448 32 448 0
w 80 544 32 544 0
w 80 704 0 704 0
w 80 736 32 736 0
w 80 768 32 768 0
w 80 800 32 800 0
w 80 832 32 832 0
w 80 864 32 864 0
w 80 896 32 896 0
w 32 896 32 864 0
w 32 864 32 832 0
w 32 832 32 800 0
w 32 800 32 768 0
w 32 768 32 736 0
w 32 736 32 704 0
w 32 704 32 544 0
w 32 544 32 448 0
157 2288 160 2464 160 0 7 0 0
184 384 416 512 416 0 4
184 672 416 800 416 0 4
184 960 416 1088 416 0 4
184 1264 416 1392 416 0 4
184 1584 416 1712 416 0 4
184 1888 416 2016 416 0 4
w 0 416 0 208 0
w 384 416 352 416 0
w 384 448 352 448 0
w 384 480 352 480 0
w 384 512 352 512 0
w 384 544 352 544 0
w 384 640 352 640 0
w 384 672 352 672 0
w 0 704 0 672 0
w 384 704 352 704 0
w 352 704 352 672 0
w 352 672 352 640 0
w 352 608 352 544 0
w 352 544 352 512 0
w 352 512 352 480 0
w 352 480 352 448 0
w 352 448 352 416 0
w 352 416 352 208 0
x 169 380 182 383 4 24 a
x 475 382 488 385 4 24 b
x 751 379 763 382 4 24 c
x 1039 378 1052 381 4 24 d
x 1346 378 1359 381 4 24 e
x 1677 375 1683 378 4 24 f
x 1964 372 1977 375 4 24 g
w 672 416 640 416 0
w 672 448 640 448 0
w 672 512 640 512 0
w 672 544 640 544 0
w 672 576 640 576 0
w 672 704 640 704 0
w 672 672 640 672 0
w 672 640 640 640 0
w 672 608 640 608 0
w 960 416 928 416 0
w 960 480 928 480 0
w 960 512 928 512 0
w 960 576 928 576 0
w 960 608 928 608 0
w 960 672 928 672 0
w 960 704 928 704 0
w 1264 416 1232 416 0
w 1264 480 1232 480 0
w 1264 608 1232 608 0
w 1264 672 1232 672 0
w 1584 416 1552 416 0
w 1584 544 1552 544 0
w 1584 576 1552 576 0
w 1584 672 1552 672 0
w 1584 704 1552 704 0
w 1888 480 1856 480 0
w 1888 512 1856 512 0
w 1888 544 1856 544 0
w 1888 576 1856 576 0
w 1888 608 1856 608 0
w 1888 672 1856 672 0
w 1888 704 1856 704 0
L 2544 272 2544 176 0 0 false 5 0
L 2608 272 2608 176 0 0 false 5 0
L 2672 272 2672 176 0 0 false 5 0
L 2736 272 2736 176 0 0 false 5 0
w 144 960 144 1040 0
w 176 960 176 1072 0
w 208 960 208 1104 0
w 240 960 240 1136 0
w 240 1136 544 1136 0
w 208 1104 512 1104 0
w 544 960 544 1136 0
w 512 960 512 1104 0
w 480 960 480 1072 0
w 448 960 448 1040 0
w 832 960 832 1136 0
w 800 960 800 1104 0
w 768 960 768 1072 0
w 736 960 736 1040 0
w 1120 960 1120 1136 0
w 1088 960 1088 1104 0
w 1056 960 1056 1072 0
w 1024 960 1024 1040 0
w 1424 960 1424 1136 0
w 1392 960 1392 1104 0
w 1360 960 1360 1072 0
w 1328 960 1328 1040 0
w 1744 960 1744 1136 0
w 1712 960 1712 1104 0
w 1680 960 1680 1072 0
w 1648 960 1648 1040 0
w 2048 960 2048 1136 0
w 2016 960 2016 1104 0
w 1984 960 1984 1072 0
w 1952 960 1952 1040 0
w 144 1040 448 1040 0
w 448 1040 736 1040 0
w 736 1040 1024 1040 0
w 1024 1040 1328 1040 0
w 1328 1040 1648 1040 0
w 1648 1040 1952 1040 0
w 176 1072 480 1072 0
w 480 1072 768 1072 0
w 768 1072 1056 1072 0
w 1056 1072 1360 1072 0
w 1360 1072 1680 1072 0
w 1680 1072 1984 1072 0
w 512 1104 800 1104 0
w 800 1104 1088 1104 0
w 544 1136 832 1136 0
w 832 1136 1120 1136 0
w 1120 1136 1424 1136 0
w 1424 1136 1744 1136 0
w 1744 1136 2048 1136 0
w 1088 1104 1392 1104 0
w 1392 1104 1712 1104 0
w 1712 1104 2016 1104 0
w 1952 1040 2736 1040 0
w 2736 272 2736 1040 0
w 1984 1072 2672 1072 0
w 2016 1104 2608 1104 0
w 2048 1136 2544 1136 0
w 2672 272 2672 1072 0
w 2608 272 2608 1104 0
w 2544 272 2544 1136 0
w 640 704 640 672 0
w 640 672 640 640 0
w 640 640 640 608 0
w 640 608 640 576 0
w 640 576 640 544 0
w 640 544 640 512 0
w 640 512 640 448 0
w 640 448 640 416 0
w 928 704 928 672 0
w 928 672 928 608 0
w 928 608 928 576 0
w 928 576 928 512 0
w 928 512 928 480 0
w 928 480 928 416 0
w 1232 672 1232 608 0
w 1232 608 1232 480 0
w 1232 480 1232 416 0
w 1552 704 1552 672 0
w 1552 672 1552 608 0
w 1552 576 1552 544 0
w 1552 544 1552 416 0
w 1856 704 1856 672 0
w 1856 672 1856 608 0
w 1856 608 1856 576 0
w 1856 576 1856 544 0
w 1856 544 1856 512 0
w 1856 512 1856 480 0
w 0 208 352 208 0
w 352 208 640 208 0
w 640 208 640 416 0
w 928 416 928 208 0
w 1232 416 1232 208 0
w 1552 416 1552 208 0
w 640 208 928 208 0
w 928 208 1232 208 0
w 1232 208 1552 208 0
w 1856 480 1856 208 0
w 1552 208 1856 208 0
w 272 416 272 160 0
w 2080 416 2416 416 0
w 2416 288 2416 416 0
w 1776 416 1776 352 0
w 1776 352 2384 352 0
w 1456 416 1456 320 0
w 1456 320 2352 320 0
w 2352 320 2352 288 0
w 2384 352 2384 288 0
w 1152 416 1152 256 0
w 1152 256 2288 256 0
w 2288 224 864 224 0
w 864 416 864 224 0
w 2288 192 576 192 0
w 2288 160 272 160 0
w 576 416 576 192 0
w 352 608 352 640 0
w 1584 608 1552 608 0
w 1552 608 1552 576 0
