$ 1 0.000005 10.20027730826997 50 5 43
156 240 128 272 128 0 0
156 416 128 448 128 0 0
156 592 128 608 128 0 5
w 240 128 208 128 0
w 240 192 208 192 0
w 208 192 208 128 0
w 416 128 384 128 0
w 416 192 384 192 0
w 384 192 384 128 0
w 592 192 560 192 0
w 592 128 560 128 0
w 560 192 560 128 0
w 560 128 560 80 0
w 384 128 384 80 0
w 208 128 208 80 0
w 560 80 384 80 0
w 384 80 208 80 0
L 208 80 208 16 0 1 false 5 0
R 240 160 160 160 1 2 100 2.5 2.5 0 0.5
w 336 128 368 128 0
w 368 128 368 160 0
w 368 160 416 160 0
w 512 128 544 128 0
w 544 128 544 160 0
w 544 160 592 160 0
w 368 160 368 224 0
w 544 160 544 224 0
w 688 128 720 128 0
w 720 128 720 224 0
d 368 224 368 304 2 default
d 544 224 544 304 2 default
d 720 224 720 304 2 default
d 720 592 720 688 2 default
d 544 592 544 688 2 default
d 368 592 368 688 2 default
w 720 528 720 592 0
w 688 528 720 528 0
w 544 496 592 496 0
R 240 496 160 496 1 2 100 2.5 2.5 0 0.5
L 208 416 208 352 0 1 false 5 0
w 384 416 208 416 0
w 560 416 384 416 0
w 208 464 208 416 0
w 384 464 384 416 0
w 560 464 560 416 0
w 560 528 560 464 0
w 592 464 560 464 0
w 592 528 560 528 0
w 384 528 384 464 0
w 416 528 384 528 0
w 416 464 384 464 0
w 208 528 208 464 0
w 240 528 208 528 0
w 240 464 208 464 0
156 592 464 608 464 0 0
156 416 464 448 464 0 5
156 240 464 272 464 0 5
w 336 528 368 528 0
w 368 528 368 592 0
w 368 528 368 496 0
w 368 496 416 496 0
w 512 528 544 528 0
w 544 528 544 496 0
w 544 528 544 592 0
x 769 175 889 178 4 24 UP\scounter
x 769 492 931 495 4 24 DOWN\scounter
